""	"ID"	"Description"	"GeneRatio"	"BgRatio"	"pvalue"	"p.adjust"	"qvalue"	"geneID"	"Count"
"GO:0016168"	"GO:0016168"	"chlorophyll binding"	"4/70"	"16/8845"	6.09417848365445e-06	0.000633492519850398	0.000545591643890295	"LOC542716/LOC542320/LOC100282512/LOC100274453"	4
"GO:0046906"	"GO:0046906"	"tetrapyrrole binding"	"10/70"	"227/8845"	1.04709507413289e-05	0.000633492519850398	0.000545591643890295	"LOC100192603/LOC100281181/LOC542716/LOC542320/LOC100191769/LOC100274473/LOC100279973/LOC100282512/LOC100274453/LOC100191153"	10
